    unsorted:	 297.6936404 297.6374780 297.4594967 296.9338369 296.7274512 298.1677167 296.3677564 298.6072807 295.4825400 295.0765237 294.8461833 299.6574323 301.1325987 292.9811384 292.1943958 303.1945075 306.1561500 288.6801141 311.9712241 312.4205734 313.0902158 316.2462689 321.1643689 321.4721238 319.0608190 323.0964407 322.7139722 324.0548988 325.4667033 327.0462195 328.6401373 331.7939285 269.3026299 264.7129680 251.9683647 350.7996885 233.4857355 100.0359102 98.44865162 97.58436692 94.25520184 93.23949907 90.82447219 88.90783218 87.05108682 85.08473816 104.3694750 81.31354327 110.9700300 74.72778755 73.61117521 67.94434799 67.24441087 129.1635669 137.1690356 60.98048100 142.2890549 58.27132151 157.7987500 208.0911179 200.0146213 46.87786579 34.06528740 32.37565105 31.42059130 30.59523304 374.2109921 10.83998493 2.977318786 0.3324235762 394.5618440 -6.006828368e-11 424.7795366 441.9164213 468.7301783 497.6509746 610.2187984 696.2226597 785.8061249 884.1327236 1047.560233 1059.015479 1141.804292 1198.513727 1348.689338 1574.363033 1637.397903 2267.561246 4151.513587 4285.831790 8491.331520 20387.93130 131526.5973 351244.1457
      sorted:	 -6.006828368e-11 0.3324235762 2.977318786 10.83998493 30.59523304 31.42059130 32.37565105 34.06528740 46.87786579 58.27132151 60.98048100 67.24441087 67.94434799 73.61117521 74.72778755 81.31354327 85.08473816 87.05108682 88.90783218 90.82447219 93.23949907 94.25520184 97.58436692 98.44865162 100.0359102 104.3694750 110.9700300 129.1635669 137.1690356 142.2890549 157.7987500 200.0146213 208.0911179 233.4857355 251.9683647 264.7129680 269.3026299 288.6801141 292.1943958 292.9811384 294.8461833 295.0765237 295.4825400 296.3677564 296.7274512 296.9338369 297.4594967 297.6374780 297.6936404 298.1677167 298.6072807 299.6574323 301.1325987 303.1945075 306.1561500 311.9712241 312.4205734 313.0902158 316.2462689 319.0608190 321.1643689 321.4721238 322.7139722 323.0964407 324.0548988 325.4667033 327.0462195 328.6401373 331.7939285 350.7996885 374.2109921 394.5618440 424.7795366 441.9164213 468.7301783 497.6509746 610.2187984 696.2226597 785.8061249 884.1327236 1047.560233 1059.015479 1141.804292 1198.513727 1348.689338 1574.363033 1637.397903 2267.561246 4151.513587 4285.831790 8491.331520 20387.93130 131526.5973 351244.1457
