    unsorted:	 47.34637735 47.27216234 47.03402586 46.39293230 50.48897350 43.42012995 58.76169810 37.42229621 69.45042753 67.34350395 31.83827763 -4.160498252e-10 86.21906524 95.93191510 112.8296536 116.5734302 127.0889546 14.59134795 1.790782667 7.268565532 154.8413816 163.8563266 194.6245591 219.9568373 238.5848783 247.5639611 271.4418027 281.0127207 292.1935129 308.7195643 348.7924419 332.8960808 368.7819515 366.7618996 360.6207589 376.7433446 401.1976718 413.3819100 459.8304207 471.5569614 483.6488580 490.5960160 510.3530589 530.8466657 540.5325213 555.9284576 617.6189715 692.2707024 744.4326232 869.1609871 1043.618854 1121.241625 1225.140345 1417.205860 1758.156842 2157.067460 3696.015434 5597.745726 13928.75151 35180.55815
      sorted:	 -4.160498252e-10 1.790782667 7.268565532 14.59134795 31.83827763 37.42229621 43.42012995 46.39293230 47.03402586 47.27216234 47.34637735 50.48897350 58.76169810 67.34350395 69.45042753 86.21906524 95.93191510 112.8296536 116.5734302 127.0889546 154.8413816 163.8563266 194.6245591 219.9568373 238.5848783 247.5639611 271.4418027 281.0127207 292.1935129 308.7195643 332.8960808 348.7924419 360.6207589 366.7618996 368.7819515 376.7433446 401.1976718 413.3819100 459.8304207 471.5569614 483.6488580 490.5960160 510.3530589 530.8466657 540.5325213 555.9284576 617.6189715 692.2707024 744.4326232 869.1609871 1043.618854 1121.241625 1225.140345 1417.205860 1758.156842 2157.067460 3696.015434 5597.745726 13928.75151 35180.55815
