    unsorted:	 48.56545915 47.47089617 48.11503259 48.99569790 50.32031686 44.78503926 40.43481440 58.94099691 65.16186518 33.93059185 29.98759804 73.53901990 93.10971425 103.0056476 113.5317656 118.5484402 15.38268047 10.72023711 5.170875814 143.5214750 164.7423461 182.6730390 212.8095994 232.2638877 236.1911080 270.3129474 271.6810927 282.9574431 298.2661884 321.0844241 325.4667301 339.2628004 353.0436502 357.9087433 368.6730113 373.4616160 404.1626337 410.1110832 453.8725102 468.2376471 475.9374969 491.7728875 502.8280876 528.9453391 540.1880995 553.2629856 622.8791452 672.7692418 748.2116343 824.4621935 1060.862627 1136.927981 1253.525166 1309.219704 1938.514069 2147.684280 3508.151524 4384.768695 5675.698312 49706.24613
      sorted:	 5.170875814 10.72023711 15.38268047 29.98759804 33.93059185 40.43481440 44.78503926 47.47089617 48.11503259 48.56545915 48.99569790 50.32031686 58.94099691 65.16186518 73.53901990 93.10971425 103.0056476 113.5317656 118.5484402 143.5214750 164.7423461 182.6730390 212.8095994 232.2638877 236.1911080 270.3129474 271.6810927 282.9574431 298.2661884 321.0844241 325.4667301 339.2628004 353.0436502 357.9087433 368.6730113 373.4616160 404.1626337 410.1110832 453.8725102 468.2376471 475.9374969 491.7728875 502.8280876 528.9453391 540.1880995 553.2629856 622.8791452 672.7692418 748.2116343 824.4621935 1060.862627 1136.927981 1253.525166 1309.219704 1938.514069 2147.684280 3508.151524 4384.768695 5675.698312 49706.24613
