    unsorted:	 297.6375132 297.6936763 297.4595332 298.1677522 296.9338729 296.7274873 296.3677902 298.6073157 295.4825752 295.0765596 294.8462192 299.6574505 301.1326331 292.9811745 292.1943937 303.1945398 306.1561840 288.6801331 312.4206015 311.9712531 313.0902474 316.2463001 319.0608502 321.4721520 321.1643971 322.7140018 323.0964691 324.0549278 325.4667343 327.0462480 328.6401664 331.7939630 269.3026636 264.7129976 251.9683952 350.7997250 233.4857578 208.0911425 200.0146411 374.2110302 97.58437258 98.44865630 94.25520768 93.23950384 100.0359156 90.82447662 87.05109352 88.90783666 85.08474337 104.3694820 81.31354972 110.9700379 74.72779027 73.61118223 67.94435400 67.24441636 129.1635754 137.1690241 142.2890361 157.7987676 60.98047958 58.27132838 46.87786358 32.37565150 31.42058373 30.59523348 34.06528484 394.5617525 10.83998142 2.977318809 0.3324235942 424.7795693 3.084984220e-10 441.9164414 468.7301425 497.6509953 610.2188791 696.2227610 785.8061521 884.1328480 1047.560286 1059.015565 1141.803970 1198.513859 1348.689275 1574.363230 1637.398084 2267.561568 4151.513798 4285.832180 8491.332408 20387.93385 131526.6180 351244.1989
      sorted:	 3.084984220e-10 0.3324235942 2.977318809 10.83998142 30.59523348 31.42058373 32.37565150 34.06528484 46.87786358 58.27132838 60.98047958 67.24441636 67.94435400 73.61118223 74.72779027 81.31354972 85.08474337 87.05109352 88.90783666 90.82447662 93.23950384 94.25520768 97.58437258 98.44865630 100.0359156 104.3694820 110.9700379 129.1635754 137.1690241 142.2890361 157.7987676 200.0146411 208.0911425 233.4857578 251.9683952 264.7129976 269.3026636 288.6801331 292.1943937 292.9811745 294.8462192 295.0765596 295.4825752 296.3677902 296.7274873 296.9338729 297.4595332 297.6375132 297.6936763 298.1677522 298.6073157 299.6574505 301.1326331 303.1945398 306.1561840 311.9712531 312.4206015 313.0902474 316.2463001 319.0608502 321.1643971 321.4721520 322.7140018 323.0964691 324.0549278 325.4667343 327.0462480 328.6401664 331.7939630 350.7997250 374.2110302 394.5617525 424.7795693 441.9164414 468.7301425 497.6509953 610.2188791 696.2227610 785.8061521 884.1328480 1047.560286 1059.015565 1141.803970 1198.513859 1348.689275 1574.363230 1637.398084 2267.561568 4151.513798 4285.832180 8491.332408 20387.93385 131526.6180 351244.1989
