    unsorted:	 120.9448882 120.9584889 120.8571999 120.8029931 121.1892706 121.4748232 121.8640192 121.9042181 120.2651127 119.7117644 122.5892206 119.1145780 118.2764580 118.1875583 117.5683780 124.5118708 125.4747234 127.9585195 128.8371519 131.0075513 113.6522929 134.2847215 136.8015509 139.7167953 145.8498050 144.3851274 144.6958194 146.2479902 146.4237493 143.2955451 142.0062446 147.3811207 148.6660136 150.2075433 150.6825097 101.9664780 154.0891731 97.92029128 90.24881102 87.64720448 84.36778357 83.46228716 78.58610940 75.99287581 73.26369753 71.92408311 71.47199323 69.87098523 68.58516494 64.15251641 60.96801018 59.85599639 55.18615458 52.53651969 164.0505771 46.78106262 43.22095881 41.68081072 39.12046260 33.97513432 30.46868467 30.56975754 29.27670420 25.39333920 20.27610518 184.8916254 15.91243836 10.59537730 1.357869932 0.1515776597 214.8281237 229.4799941 258.5628104 326.2644850 356.2924776 398.8424190 428.5519041 484.5281549 640.1801558 682.9357367 848.7164845 1021.248249 1038.679942 1098.861460 1989.610902 4314.294778 4060.414168 10556.76555 49912.53651 152366.4665
      sorted:	 0.1515776597 1.357869932 10.59537730 15.91243836 20.27610518 25.39333920 29.27670420 30.46868467 30.56975754 33.97513432 39.12046260 41.68081072 43.22095881 46.78106262 52.53651969 55.18615458 59.85599639 60.96801018 64.15251641 68.58516494 69.87098523 71.47199323 71.92408311 73.26369753 75.99287581 78.58610940 83.46228716 84.36778357 87.64720448 90.24881102 97.92029128 101.9664780 113.6522929 117.5683780 118.1875583 118.2764580 119.1145780 119.7117644 120.2651127 120.8029931 120.8571999 120.9448882 120.9584889 121.1892706 121.4748232 121.8640192 121.9042181 122.5892206 124.5118708 125.4747234 127.9585195 128.8371519 131.0075513 134.2847215 136.8015509 139.7167953 142.0062446 143.2955451 144.3851274 144.6958194 145.8498050 146.2479902 146.4237493 147.3811207 148.6660136 150.2075433 150.6825097 154.0891731 164.0505771 184.8916254 214.8281237 229.4799941 258.5628104 326.2644850 356.2924776 398.8424190 428.5519041 484.5281549 640.1801558 682.9357367 848.7164845 1021.248249 1038.679942 1098.861460 1989.610902 4060.414168 4314.294778 10556.76555 49912.53651 152366.4665
