    unsorted:	 120.9448486 120.9584666 120.8571747 120.8029570 121.1892451 121.4747824 121.8639846 121.9041833 120.2650778 119.7117300 122.5891895 119.1145256 118.2763961 118.1875117 117.5683407 124.5118412 125.4746801 127.9585084 128.8371556 131.0075563 113.6522821 134.2847192 136.8015462 139.7168227 145.8498139 144.3851260 144.6958220 146.2479987 146.4237640 143.2955681 142.0062694 147.3811442 148.6660294 150.2075568 150.6825368 101.9664785 154.0891739 97.92029577 90.24881149 87.64720374 84.36780596 83.46226994 78.58610810 75.99289128 73.26369976 71.92409217 71.47198980 69.87099437 68.58515630 64.15250218 60.96800890 59.85601469 55.18614589 52.53650819 164.0505946 46.78105497 43.22093254 41.68081869 39.12045488 33.97512616 30.46863875 30.56979323 29.27670448 25.39334760 20.27615719 184.8916649 15.91237562 10.59539216 1.357868726 0.1515774927 214.8279969 229.4787376 258.5629339 326.2647205 356.2930117 398.8420616 428.5521896 484.5285284 640.1798455 682.9360339 848.7180658 1021.248566 1038.678621 1098.862800 1989.611657 4314.296264 4060.415403 10556.77266 49912.51313 152366.5651
      sorted:	 0.1515774927 1.357868726 10.59539216 15.91237562 20.27615719 25.39334760 29.27670448 30.46863875 30.56979323 33.97512616 39.12045488 41.68081869 43.22093254 46.78105497 52.53650819 55.18614589 59.85601469 60.96800890 64.15250218 68.58515630 69.87099437 71.47198980 71.92409217 73.26369976 75.99289128 78.58610810 83.46226994 84.36780596 87.64720374 90.24881149 97.92029577 101.9664785 113.6522821 117.5683407 118.1875117 118.2763961 119.1145256 119.7117300 120.2650778 120.8029570 120.8571747 120.9448486 120.9584666 121.1892451 121.4747824 121.8639846 121.9041833 122.5891895 124.5118412 125.4746801 127.9585084 128.8371556 131.0075563 134.2847192 136.8015462 139.7168227 142.0062694 143.2955681 144.3851260 144.6958220 145.8498139 146.2479987 146.4237640 147.3811442 148.6660294 150.2075568 150.6825368 154.0891739 164.0505946 184.8916649 214.8279969 229.4787376 258.5629339 326.2647205 356.2930117 398.8420616 428.5521896 484.5285284 640.1798455 682.9360339 848.7180658 1021.248566 1038.678621 1098.862800 1989.611657 4060.415403 4314.296264 10556.77266 49912.51313 152366.5651
